167602316 16.577358898907857 1542.1641583861358
140596513 20.66412887865054 2985.2076598975405
349645354 50.29346995253896 657.5437077433804
38708544 36.16619732759071 673.052653301968
167304218 78.67440653215715 259.8542369485865
150394126 52.64280249332842 1530.188594783695
389440520 52.30527242558111 1429.647395354575
287298969 31.324760190689233 618.5997432555515
300039094 59.35870520455098 150.7453171591166
176931266 43.36573057322738 859.5973654597118
372852125 40.562242079224355 216.86347321613388
141757920 40.82720977045127 448.89290830969856
377017226 27.852386800182746 131.05842715879243
141770047 27.23341901300788 151.13443903992234
149247707 37.595076738150475 689.3023658282548
272187783 23.985554525447768 1045.9970191095254
260188633 23.844982701179013 341.2288661860441
150165657 84.64152234503504 497.3629292217293
293936044 46.310517702288436 1293.9509863742844
350431472 41.1281158531495 778.0979810569555
141435705 40.39646433856262 123.48534656643703
149250753 30.85372949914821 1815.2359092138863
38635760 25.774776505542285 79.24339971955283
272286042 99.55816375668297 1335.2593995613634
370236000 47.06058218773829 259.0499871861732
25117273 54.872805918082705 961.5758401634153
261061652 27.26674059132359 285.49231040753824
350563225 43.79696231650079 1176.9394149465445
150274487 32.627240647266085 344.20780514189005
141152931 61.39839345111634 1110.1002248445993
381952460 23.73129047556071 614.6281678400404
142083629 25.20450457837654 631.2328851125156
149154927 17.0335586511518 870.7517458920166
349784936 24.794058662222636 1292.6509329275443
348841745 9.04620193105495 42.26059801592081
300867734 16.788140471689033 190.37856546780236
38570985 41.434654172213676 424.597636867831
260654645 87.03531580861687 3255.108043708613
41174274 8.864496597220198 42.74723045893475
33836359 8.085154191233968 632.0971817095271
33732017 43.75191143217615 578.2383522898913
220401810 22.69130121946946 1397.1446791603682
306470921 52.72441471980715 247.34884711486728
300447314 32.45092976193153 91.40345408021864
350443417 6.906677305264894 2403.3570494427645
300739589 61.512441569861835 593.6161831445022
220453894 17.865752813795787 62.724742069067084
388129392 37.769346560249886 595.6323300258917
150441810 12.532068398325361 1084.4111562862659
41032824 18.216331304677723 1978.1173343309345
30468581 59.42486271986064 582.2436945430467
358511856 5.551918228239467 181.4546486324588
142082796 6.605748053845653 138.26866771480917
349902873 50.0082065048436 255.233664015589
272089183 27.941530148276357 103.17816839677752
279053000 16.91739913114485 59.588472780712976
220411786 58.44480047372659 568.2133321340738
382259669 41.95870416750669 602.9824665071526
140598047 38.952420440969554 339.9883678217116
177386428 19.837950222654126 1224.9544856609975
260353074 46.64222381155787 798.6624164012246
382145521 23.405076502126462 1444.155177323555
179120455 44.52719301161269 454.88159050655963
349270369 90.46490498857219 239.81055263628332
149630117 58.990524607867485 511.60575259037375
350559515 20.72646428582677 867.4936711648277
350622144 30.407324140758817 458.8328339768219
220478230 25.065229460165327 1553.7534378705702
33879968 54.06260207043365 197.49217003623673
150274649 36.32105344995831 483.9985477309676
141531810 41.83312798381248 480.60919123905666
167344196 54.65824532467014 318.39701007089263
38587180 6.8031268258332025 1409.6600723881495
306736789 38.2576420280161 209.55340948897293
150437899 8.125862252009114 3100.325618982266
370041241 29.08914188866335 70.94139966687541
32151781 19.62635394343779 372.99745727934777
150357935 28.7900712328172 429.59882171947623
150166721 7.053148837302756 3789.574749883058
272357134 7.420657914309725 943.9700781655233
348900258 31.205191218386826 130.36531582574344
278727749 57.447023739711234 1214.9655630460952
220471131 6.451956052670102 317.41645469286686
177286026 33.21632991936491 1227.3352120898246
391927456 30.33738472590834 439.9631957656881
349059448 65.65924737217843 198.7897836758941
300329283 40.88513847869357 1115.5709515978417
364323133 29.27189130674304 560.0937507529947
220414802 8.355427649603401 1666.8986808759782
179369863 47.38353303112897 161.36426195670452
140938247 63.672921572498296 927.7077539316015
349972600 22.326233102650022 134.40929282983535
389925842 28.152189122591988 68.838260854787
306773428 32.152270351946065 632.9628157831331
141865875 48.74002351857563 154.8031581582937
348843152 15.607043289568647 1626.7394563792368
382436277 51.32615179786178 483.36359065433
32089054 15.531880018443868 378.11953296287754
300871376 92.42950333310536 749.6148815451343
